wn=2*pi*55;
xi=0.8;
G0=40;
Kcapt=447/G0;
Te=1e-4;


Ti=1/wn;
Td=1/wn;
Kp=1;
% Kp=10^(-40.2/20)
% Kp=Kp*10^(-12/20)
% Kp=Kp*10^(28.5/20)